0.00715275
0.00797672
0.00961545
0.0113944
0.0107653
0.0119131
0.0123447
0.012717
0.0134359
0.0124693
0.0131441
0.0134988
0.0131034
0.0124463
0.0134997
0.0145754
0.0128535
0.0133841
0.0131293
0.0137248
0.0136096
0.0125241
0.0140015
0.0124605
0.013595
0.012665
0.0133859
0.0125129
0.0121344
0.0126457
0.0132417
0.0126041
0.0118689
0.0124082
0.0119155
0.0123371
0.0117509
0.0111824
0.012181
0.0122653
0.0110844
0.0112394
0.0116218
0.0110243
0.0111291
0.01043
0.0113855
0.01017
0.00972081
0.0097794
0.00967003
0.00974701
0.00896345
0.00933237
0.00910322
0.00844796
0.00905071
0.00883133
0.00890189
0.00753795
0.00767183
0.00740476
0.00741039
0.00731209
0.00779716
0.00704195
0.0071619
0.00670716
0.0062889
0.00642823
0.00576713
0.00617223
0.00567005
0.00571172
0.00514495
0.00458322
0.00535078
0.00526448
0.004942
0.00464066
0.00486956
0.00443572
0.00448736
0.00410989
0.00411938
0.00420405
0.00357187
0.00397782
0.00365783
0.00339251
0.0035893
0.00354892
0.0033197
0.00308524
0.00324909
0.00289934
0.00311344
0.00309714
0.00281709
0.00330736
0.00251916
0.00290628
0.00261507
0.00273593
0.00239349
0.00317824
0.00262544
0.00255527
0.00230748
0.00226789
0.00217363
0.00234761
0.00238358
0.00198747
0.00223843
0.001831
0.00195688
0.00198704
0.00168445
0.0019829
0.00221083
0.00194788
0.0018104
0.0015089
0.0016862
0.00172377
0.00170414
0.00155971
0.00154659
0.00155069
0.00171993
0.00165894
0.00129016
0.00143745
0.00133387
0.00119952
0.00141762
0.00123531
0.00120514
0.00126153
0.00103502
0.00105421
0.00117019
0.000968711
0.00114798
0.000861475
0.000852367
0.00091452
0.00084553
0.000685828
0.000781119
0.000734362
0.000773138
0.000626737
0.000599752
0.000590221
0.000829369
0.000619267
0.000664401
0.000585284
0.000648705
0.000775348
0.000540087
0.000622992
0.000610153
0.000534062
0.000613791
0.000522328
0.000535437
0.000519341
0.000470075
0.000423091
0.000430164
0.000513248
0.000460656
0.000506404
0.000305199
0.000268062
0.00054971
0.000256789
0.000309498
0.000384216
0.000488118
0.000411625
0.000244018
0.000261662
0.000276328
0.000227026
0.000254387
0.000254029
0.00019666
0.000237041
0.00015723
0.000159616
0.000219153
0.000255649
0.000248241
0.000169793
0.000127738
0.000164775
0.000100761
0.000115425
0.000133585
8.92992e-05
9.05382e-05
8.8621e-05
0.000163598
8.38007e-05
2.64844e-05
0.000111154
3.08932e-05
8.82406e-05
4.11654e-05
5.60341e-05
5.71803e-05
4.03022e-05
7.09884e-05
1.3181e-05
8.44737e-06
3.62948e-05
3.62948e-05
8.44426e-05
3.62948e-05
8.35422e-05
3.20711e-05
4.22369e-06
0.000102078
0
0
0
0
4.22369e-06
3.45298e-05
4.22369e-06
0
2.60824e-05
0
0
0
0
0
0
0
0
0
0
0
0
0
0
0
0
0
0
0
0
