0.000400475
0.00011936
7.88006e-05
0.000257054
0.000216189
0.000169154
0.000187113
0.000180271
0.000271446
0.000361016
0.000211048
0.000342105
0.000442662
0.000513444
0.000468293
0.000505535
0.000662449
0.000757562
0.000848774
0.000716187
0.00079026
0.000809428
0.000673213
0.000748761
0.000862334
0.000818264
0.00102243
0.00101495
0.000796982
0.00118212
0.00103705
0.000883623
0.00138656
0.00141194
0.00119058
0.00145473
0.00141879
0.00124053
0.00179203
0.00196736
0.0019554
0.00180558
0.00172251
0.00172362
0.00232281
0.00223151
0.0027334
0.00208568
0.00304141
0.00268589
0.0026773
0.00253902
0.00274398
0.00323408
0.00289715
0.00336033
0.00291183
0.00354532
0.00359879
0.00359686
0.00323358
0.00313238
0.00347672
0.00384822
0.00399685
0.00441096
0.00402799
0.0042563
0.00441105
0.00495602
0.00409338
0.00465933
0.00530251
0.00496725
0.0048012
0.00536768
0.0052906
0.00557168
0.00543171
0.00593625
0.00617694
0.00655708
0.00670005
0.0062304
0.0061999
0.00670482
0.00665576
0.00647482
0.0071722
0.00790765
0.00797486
0.00839553
0.0079699
0.00835409
0.00913804
0.00850472
0.0091787
0.00892925
0.00905573
0.00971299
0.00890814
0.00931799
0.00890653
0.00986021
0.00926909
0.00980027
0.00995741
0.00983146
0.0104124
0.00936741
0.00972901
0.00993654
0.0100011
0.00960349
0.0100712
0.00953977
0.0104709
0.00929537
0.00963029
0.0101004
0.0105611
0.0100459
0.00951208
0.00951787
0.00988789
0.00947091
0.00972767
0.0096883
0.00922788
0.00943829
0.00924853
0.0090575
0.00924623
0.00932433
0.00892602
0.00919027
0.00961461
0.00878347
0.00928671
0.00844863
0.0079826
0.00816628
0.00881723
0.00866304
0.00888617
0.00766817
0.00700422
0.00708131
0.00752407
0.00664775
0.00693614
0.0064579
0.00699983
0.00659472
0.00671154
0.00563049
0.00530003
0.00587046
0.00586807
0.00559619
0.00561717
0.00534038
0.00488968
0.00531666
0.00481835
0.00453052
0.00426383
0.00411459
0.00506492
0.00425932
0.00358989
0.00427475
0.00364206
0.0037248
0.00354119
0.00379294
0.00342451
0.00338596
0.00291203
0.00250403
0.0027812
0.00290094
0.00252616
0.00227491
0.00239905
0.00216788
0.00189512
0.00194883
0.0018423
0.00214497
0.00177893
0.00226005
0.0020507
0.00183574
0.00183875
0.00166539
0.00137784
0.00150687
0.00123341
0.00114672
0.00139334
0.000899819
0.00107757
0.00089802
0.00102301
0.00104339
0.000991701
0.000573993
0.000801097
0.000839488
0.000492127
0.000506789
0.000739556
0.000704202
0.000952921
0.000475436
0.000734048
0.000340158
0.000603299
0.000791401
0.000386743
0.000468757
0.000385027
0.000503277
0.000611494
0.000288856
0.000254532
0.000480516
0.000320004
0.000384661
0.000245562
0.000389267
0.000280053
0.000379325
0.000368665
0.000388087
0.000207156
0.000304061
0.00033812
0.000357774
8.77844e-05
0.00033323
0.000263696
0.000154499
0.000207171
0.000182858
0.000160815
0.00012151
0.000241588
0.000170908
4.50773e-05
6.25773e-05
0.000197998
7.06953e-05
3.67504e-05
0.00044834
